Accuracy: 0.9090909090909091
Precision: 0.8333333333333334
Recall: 1.0