Accuracy: 0.8181818181818182
Precision: 0.8333333333333334
Recall: 0.8333333333333334